380	226	126	159	124	925	900	395	130	25	107	731	972	576	661	808	427	154	962	652	669	412	849	916	808
544	509	490	599	975	63	875	428	228	11	545	10	700	563	69	630	456	160	933	975	154	875	329	224	708
56	177	973	366	276	127	414	761	106	341	12	267	944	24	460	1	17	135	211	379	194	548	293	677	753
710	151	126	803	344	686	268	81	36	165	669	256	512	56	924	367	696	879	861	959	247	642	618	329	798
213	14	397	958	582	83	174	163	977	514	673	46	798	492	656	677	590	413	787	566	141	294	262	29	648
214	597	71	749	603	411	202	332	165	221	467	193	314	76	257	321	6	861	694	543	9	501	682	885	685
30	477	627	818	278	601	14	51	629	371	423	545	745	816	551	296	104	104	279	340	551	341	434	218	630
790	14	69	406	610	758	603	941	467	457	940	642	7	720	442	648	649	251	588	171	146	740	366	228	819
314	168	199	25	470	495	585	740	121	324	671	75	894	488	130	856	650	314	620	380	490	592	962	607	330
275	931	433	474	452	615	644	971	14	272	846	968	725	583	941	897	702	222	220	999	237	249	376	180	592
259	780	466	94	375	946	43	909	867	117	137	685	616	961	139	89	103	844	773	46	372	882	205	306	440
378	757	515	590	58	500	512	0	293	344	338	200	518	881	772	895	30	11	423	579	802	786	294	167	776
831	387	50	610	718	328	329	581	35	39	83	112	160	882	369	994	263	363	152	580	473	202	201	447	571
179	808	614	224	30	425	6	227	380	881	881	184	443	114	991	449	715	59	399	539	793	136	189	411	947
825	925	118	296	668	896	794	663	528	921	891	81	12	733	803	397	512	607	275	450	190	109	928	648	323
879	421	968	189	629	926	702	190	194	25	672	717	679	286	123	883	219	131	933	281	720	313	66	900	249
204	323	871	387	572	115	980	547	716	723	156	551	63	949	17	733	582	437	279	47	643	251	782	429	229
216	16	216	744	736	167	394	379	527	83	193	935	808	878	48	459	423	356	970	903	8	156	699	151	745
147	377	102	814	410	21	134	126	965	226	271	983	787	317	408	823	808	128	835	39	26	286	7	511	664
594	296	753	239	918	980	337	400	516	76	386	276	731	649	398	609	281	52	790	67	601	204	776	957	127
306	581	807	646	45	506	151	377	410	906	242	65	360	192	221	691	724	602	977	325	22	61	855	457	839
870	371	473	539	917	870	641	410	376	867	888	297	985	124	783	288	859	693	442	526	843	853	130	540	688
938	307	116	769	750	603	769	468	990	817	451	207	366	675	384	789	836	714	557	191	477	474	192	269	771
965	971	471	445	814	882	117	23	508	413	167	897	180	442	376	709	457	316	462	933	117	967	989	101	354
208	416	945	647	387	432	401	845	262	525	559	744	584	555	614	804	367	967	899	483	431	674	454	815	458
163	352	653	260	464	289	26	819	568	422	143	757	437	675	553	193	3	974	690	219	126	482	542	894	893
60	307	957	923	350	762	348	218	934	968	614	144	102	748	136	558	152	961	548	183	45	278	505	175	735
993	421	998	762	479	159	482	82	363	257	573	344	411	816	671	302	178	526	534	837	164	434	986	119	719
931	23	50	252	290	68	194	703	376	179	899	858	840	260	989	940	566	64	177	388	937	551	874	586	210
268	545	865	920	900	679	263	753	628	447	54	854	27	542	177	261	411	504	151	282	736	456	230	18	132
880	176	567	288	344	983	602	27	379	465	950	615	541	32	535	527	685	840	445	240	997	987	972	534	937
860	294	124	923	315	311	505	850	233	402	407	931	562	217	133	160	171	905	942	356	75	734	938	449	263
36	716	241	881	516	76	881	210	940	183	153	351	308	733	123	235	375	411	348	96	790	688	17	90	815
742	4	547	523	129	703	707	655	647	440	591	286	546	603	922	369	475	774	214	794	432	107	832	500	65
330	570	569	520	342	870	941	277	456	383	751	286	137	882	991	375	944	252	322	821	949	247	603	47	180
757	66	625	543	671	283	837	124	555	625	154	780	278	151	600	567	222	873	431	959	492	637	419	98	269
569	871	117	55	985	533	858	596	705	146	171	848	760	792	286	772	526	810	458	492	601	628	648	346	113
617	998	643	571	597	680	951	800	764	427	504	194	766	454	407	561	367	725	605	535	386	484	168	815	393
181	878	924	795	875	685	963	687	890	576	232	140	476	112	226	70	268	584	174	727	514	405	711	337	812
549	986	47	954	535	442	705	354	413	42	287	424	119	795	464	711	303	697	787	614	224	813	631	998	651
273	459	204	707	96	271	52	542	801	983	425	709	832	892	413	659	784	176	790	65	85	435	33	494	143
504	877	362	919	811	709	4	851	299	802	989	230	758	484	111	297	275	943	175	85	905	635	741	849	937
142	581	218	409	207	60	844	348	992	630	478	658	750	427	614	347	183	845	893	833	69	761	3	762	901
5	631	136	782	170	995	30	306	795	811	448	731	18	755	460	589	126	531	613	635	700	757	769	111	37
932	29	580	951	414	242	451	911	881	527	417	105	847	729	863	768	658	7	626	935	353	605	369	383	990
642	157	688	208	173	96	22	163	679	931	16	357	953	282	857	654	908	476	39	113	72	487	282	303	163
395	847	120	628	804	744	666	246	152	308	183	354	985	173	673	524	873	312	799	119	191	568	719	569	463
6	911	929	215	172	106	105	135	904	747	810	867	153	314	368	73	83	310	796	657	989	172	625	671	407
46	73	365	935	17	62	477	402	869	688	382	79	189	530	663	50	67	665	474	701	742	874	986	645	243
594	233	135	659	236	17	77	419	210	7	459	745	638	955	400	420	737	785	648	671	320	372	576	892	992
956	317	732	204	914	531	218	183	532	79	217	73	954	681	466	410	760	464	719	908	456	624	479	457	511
711	465	459	20	327	378	191	633	701	223	312	533	613	458	515	614	804	804	453	428	56	341	943	282	846
689	301	868	251	214	360	287	530	876	177	9	321	5	894	643	476	377	846	3	764	635	975	554	917	719
712	149	605	850	591	834	24	529	945	418	940	941	696	652	509	281	223	763	163	757	691	382	899	358	49
93	958	323	605	648	447	421	558	842	212	295	388	76	389	569	518	946	118	920	91	823	3	385	423	162
284	534	726	56	513	750	970	340	775	738	16	68	543	156	795	246	473	832	906	605	451	202	516	650	222
218	685	175	480	526	83	341	642	901	198	426	486	49	429	585	483	305	348	670	624	169	707	75	412	154
920	935	778	495	982	890	525	923	709	14	596	662	265	864	390	270	631	225	735	333	623	351	213	976	481
937	350	465	709	195	70	748	18	547	473	669	708	747	757	793	315	928	884	33	28	362	676	437	911	439
271	136	271	696	468	168	822	751	228	777	29	13	580	417	726	314	630	156	30	533	769	565	801	731	790
245	683	365	725	310	496	852	791	633	455	364	195	508	446	139	442	356	204	365	696	380	104	143	796	663
543	137	817	602	348	247	83	915	449	791	874	474	874	311	67	214	453	890	46	304	856	768	219	686	889
764	748	905	278	660	62	750	990	540	647	764	274	312	10	397	948	250	688	164	549	811	441	780	780	700
443	301	70	405	57	262	544	868	315	873	471	766	10	706	345	953	558	721	193	174	140	656	743	931	689
77	65	406	391	68	795	454	422	247	567	703	210	409	387	545	415	394	751	826	472	358	608	76	349	537
793	628	975	843	761	218	344	775	860	71	941	865	135	823	64	677	784	171	956	811	364	556	669	976	477
831	94	581	815	940	2	1	362	966	912	311	692	985	655	984	784	40	896	459	510	647	277	498	338	990
870	940	964	363	504	776	255	225	432	332	300	443	198	523	986	423	675	256	649	148	713	451	750	625	571
245	255	805	257	563	146	764	365	274	676	127	104	300	483	70	844	952	669	562	642	318	806	25	518	604
826	391	666	37	422	323	185	820	540	44	255	236	168	545	25	815	992	486	830	293	849	954	820	246	177
325	663	243	305	381	806	584	478	957	893	921	463	708	64	805	643	252	401	556	879	417	920	430	854	770
182	592	990	540	230	978	498	670	775	95	287	10	168	164	351	356	314	522	895	869	150	781	671	566	424
48	204	655	44	73	250	250	389	958	879	855	367	637	487	520	870	297	738	713	600	985	437	980	481	575
579	216	646	706	81	157	488	152	56	241	774	577	23	951	339	722	615	80	480	486	440	409	717	756	183
261	359	752	536	982	888	99	617	274	671	618	526	963	644	774	674	532	987	53	45	25	339	336	621	631
417	214	600	495	829	912	55	797	460	880	735	829	600	955	93	365	98	457	554	624	706	841	176	159	57
78	622	314	789	411	579	642	284	406	837	566	288	810	774	945	281	437	192	257	457	455	91	216	370	311
268	485	209	293	418	0	850	552	517	419	447	424	246	740	12	546	959	162	258	257	799	354	889	553	193
920	354	736	765	559	730	656	377	77	207	994	526	327	828	277	152	856	667	264	8	401	325	141	446	384
865	59	7	800	102	358	638	17	115	644	966	552	445	108	919	705	53	691	15	924	351	78	450	300	600
138	844	524	243	420	979	464	570	202	411	607	73	217	378	974	356	586	787	913	870	135	810	503	301	797
668	102	974	72	734	234	805	907	472	679	656	291	937	191	581	936	927	964	694	507	782	481	48	455	429
925	187	583	507	978	910	96	385	694	838	666	278	925	600	745	635	598	646	788	746	538	957	660	881	514
325	757	504	928	367	891	972	922	445	877	188	492	315	49	959	236	934	268	769	817	238	15	897	853	568
926	577	9	110	761	403	563	69	318	118	511	227	677	533	862	499	490	78	181	186	516	169	784	166	655
735	84	420	948	281	389	769	363	140	357	445	787	577	181	971	179	688	375	343	325	618	419	517	828	798
122	387	751	273	215	363	841	717	50	274	740	207	543	280	360	351	721	29	710	925	936	863	237	723	697
550	175	385	624	452	252	894	742	331	412	154	427	613	669	842	761	115	66	86	102	494	826	741	404	598
84	942	109	170	876	811	570	692	250	74	562	212	109	524	732	912	148	844	814	344	474	816	113	328	207
205	908	498	933	777	644	522	428	146	58	594	841	659	61	545	616	697	591	867	425	219	773	945	722	732
717	637	743	631	775	317	338	503	442	704	620	82	163	861	999	507	870	484	110	188	479	519	345	574	615
437	698	781	861	621	595	935	44	216	49	207	426	584	654	748	13	641	161	784	594	470	506	94	688	387
786	37	620	298	853	437	105	759	752	573	700	191	697	94	738	893	822	664	506	372	880	10	688	569	694
303	445	441	890	641	828	742	972	996	756	632	141	906	513	212	413	198	103	619	346	684	399	759	861	266
392	276	275	58	880	954	368	547	840	384	21	18	320	101	689	910	446	804	378	69	59	112	587	785	312
952	93	44	855	397	500	702	732	806	599	596	320	190	685	961	98	321	825	373	954	13	776	645	934	815
143	831	592	365	966	991	722	745	186	849	130	372	792	637	184	932	546	589	296	280	603	291	497	81	454
779	790	749	509	21	225	775	928	805	234	74	597	675	419	738	1	742	51	534	92	351	81	432	967	474
257	659	740	706	31	660	110	857	617	189	930	144	980	863	663	492	11	949	443	343	995	366	89	347	42
215	217	359	113	682	151	847	738	192	792	745	522	58	548	67	609	670	755	988	235	201	515	732	579	713
818	692	43	415	431	333	625	560	249	596	365	417	274	833	439	699	578	774	629	93	921	310	521	559	221
826	497	817	113	279	495	942	195	699	370	745	870	149	260	968	420	650	957	927	747	987	635	843	783	944
11	624	422	192	767	855	987	843	881	997	175	72	259	503	172	361	606	728	448	918	600	158	808	857	737
974	513	828	691	567	819	335	441	481	598	320	415	199	351	571	337	270	985	630	832	147	165	929	11	978
516	309	87	980	958	481	43	876	811	521	614	260	782	61	749	292	235	372	806	441	5	675	76	799	28
602	265	900	513	242	866	412	291	925	420	386	639	707	206	129	498	275	368	71	166	195	401	217	661	70
481	138	514	4	649	786	782	941	710	58	961	331	838	338	680	199	857	424	796	163	415	998	262	725	813
888	442	200	151	992	867	530	189	428	935	938	65	850	206	759	491	535	900	981	128	284	494	983	216	836
420	712	345	111	431	41	632	329	560	256	835	656	619	28	872	379	812	424	577	316	595	385	250	350	492
982	617	676	199	431	611	314	705	665	521	198	100	791	255	849	954	122	103	936	873	72	196	535	789	159
851	268	239	388	355	19	409	804	499	627	185	908	473	874	808	942	390	983	437	570	338	878	287	554	669
605	161	514	655	376	687	568	244	781	460	388	197	631	167	710	847	182	784	1	432	824	38	650	436	339
485	811	206	867	111	177	133	618	107	643	976	110	101	324	128	840	858	183	802	232	236	660	947	423	369
900	568	570	71	901	459	813	934	496	178	716	993	244	219	260	316	341	918	372	42	447	969	451	343	673
478	446	212	530	309	993	860	112	13	905	72	618	386	514	443	715	811	60	772	272	468	142	49	622	722
512	295	802	652	830	4	630	723	81	316	834	509	762	677	729	68	971	70	659	28	847	813	864	552	754
72	820	800	239	204	167	872	247	574	9	129	894	63	581	245	55	627	95	895	635	135	349	424	75	468
548	30	519	717	79	838	259	179	952	985	598	352	554	741	552	120	126	578	676	157	289	953	253	990	881
958	830	640	435	400	970	758	218	881	774	157	989	613	885	575	704	628	852	276	808	806	497	289	849	163
238	38	10	716	716	520	753	688	580	245	291	582	353	788	129	465	466	786	153	700	979	183	2	939	874
308	699	229	407	607	724	583	366	947	215	897	135	615	277	645	824	324	750	621	513	737	5	779	731	39
888	763	167	128	647	146	390	912	967	329	580	800	757	346	352	188	591	820	998	401	434	492	159	652	234
904	733	311	798	118	623	300	521	7	958	736	339	419	212	383	280	608	281	796	888	229	219	270	444	893
972	870	264	470	969	310	993	594	671	964	212	634	582	61	67	208	52	917	806	500	73	987	898	853	72
649	822	125	115	687	857	104	217	584	468	560	458	70	33	923	52	361	258	138	283	70	507	236	312	868
200	635	2	425	411	925	448	54	971	967	29	127	50	633	56	24	514	41	243	936	914	666	984	230	665
422	879	58	572	543	568	722	194	223	892	853	258	886	578	114	81	827	534	508	419	306	538	299	837	477
614	820	789	694	111	176	868	337	201	248	530	174	427	485	729	993	497	874	766	905	369	415	655	751	777
310	548	307	915	812	986	746	319	583	759	389	525	979	101	774	743	675	82	353	327	803	312	594	320	673
209	34	894	501	191	554	13	575	126	60	788	981	790	697	871	597	55	884	950	685	269	868	493	146	721
68	363	883	298	700	33	351	243	927	3	153	833	459	219	808	130	908	446	960	548	469	621	571	827	678
30	149	835	422	81	991	838	691	248	377	331	86	425	78	228	984	843	804	544	151	614	614	19	932	713
647	321	265	932	102	540	758	505	871	939	748	681	43	505	662	71	613	997	938	453	152	874	601	943	601
697	284	113	399	187	327	231	659	484	416	745	939	504	642	383	64	436	917	510	756	189	354	296	818	711
984	519	938	157	407	500	404	932	376	270	407	620	159	403	836	118	469	524	998	729	512	462	827	312	337
588	190	510	565	465	57	534	8	2	261	762	646	753	231	386	212	166	786	728	37	524	634	262	674	882
52	488	828	184	566	886	370	422	686	270	888	218	497	508	831	516	51	153	296	193	365	992	899	894	895
462	931	408	299	484	901	460	338	400	326	278	161	573	404	599	563	960	127	104	40	516	610	659	786	124
304	685	412	592	291	537	157	249	87	83	37	939	807	831	522	711	26	566	996	219	188	780	931	454	921
146	310	415	304	318	748	32	506	58	685	384	556	418	140	666	772	96	54	942	739	231	755	964	909	628
320	875	512	361	398	309	747	577	536	261	937	541	62	610	193	817	519	360	426	131	177	291	560	519	928
397	15	42	20	550	432	666	374	17	372	124	519	715	903	271	272	924	512	586	111	674	592	860	751	892
742	586	208	689	556	744	779	630	566	315	373	95	683	196	337	810	122	81	286	661	473	299	806	410	395
74	67	736	914	302	589	397	10	332	397	80	371	507	707	542	624	357	148	670	133	75	95	288	807	526
184	265	618	252	910	684	326	891	676	394	310	440	58	618	226	652	190	130	223	980	304	778	89	511	127
981	738	685	89	227	785	980	862	283	756	312	942	162	36	93	542	928	951	787	574	822	475	862	878	843
959	477	923	816	906	242	533	548	915	111	313	919	61	576	448	966	173	680	880	713	679	576	451	940	174
523	97	171	188	649	500	327	723	347	600	672	355	263	730	492	867	445	331	70	498	961	961	228	370	615
64	543	958	85	901	341	369	49	985	43	184	655	393	408	811	847	780	19	939	397	740	395	371	57	623
99	401	739	966	288	912	423	350	65	990	254	51	145	245	477	713	101	466	658	987	627	196	738	515	621
829	638	487	948	664	65	944	403	34	229	317	294	294	344	608	238	133	90	70	952	619	457	339	68	32
307	548	358	191	898	84	325	360	350	769	439	345	464	903	203	613	291	778	123	97	561	993	652	970	253
569	134	130	234	919	776	82	935	312	54	909	77	85	364	935	289	176	747	39	241	556	747	94	417	256
569	327	585	710	303	31	874	739	395	302	96	139	169	802	29	119	895	773	727	524	563	287	574	369	145
410	390	309	611	837	446	494	913	953	459	470	926	419	980	90	126	441	89	899	133	322	41	174	754	666
844	726	185	545	61	844	11	15	846	396	918	368	819	759	834	286	231	547	724	210	888	449	546	250	387
922	458	562	48	879	192	217	539	640	259	245	512	903	890	850	493	332	949	924	732	44	773	827	20	732
868	729	163	46	971	956	637	365	10	707	438	612	602	496	281	68	914	772	583	621	363	301	750	487	45
656	493	762	786	709	904	436	236	821	380	849	482	609	511	933	360	37	717	278	394	362	388	456	232	982
859	998	775	971	41	784	659	223	485	579	456	373	421	574	673	924	624	537	301	676	290	774	13	752	918
547	408	761	249	909	391	450	605	632	253	757	442	377	467	841	715	255	871	318	492	909	744	23	226	382
305	207	590	324	746	759	862	520	701	407	140	925	558	284	548	262	320	65	910	27	700	247	438	90	170
877	706	818	151	354	901	733	18	646	617	16	271	468	957	476	354	318	518	434	24	292	394	356	88	286
144	564	895	615	475	266	507	789	962	673	898	12	65	614	242	741	634	807	886	86	726	512	966	642	794
644	915	353	801	643	188	426	845	656	923	752	227	958	290	686	430	862	354	86	61	727	195	195	508	210
102	786	828	816	701	707	802	140	114	320	848	1	593	873	792	165	290	329	968	393	669	409	108	11	311
310	364	297	879	780	944	918	803	646	558	240	893	551	240	513	748	330	477	200	885	203	42	486	882	987
202	652	650	973	246	15	529	570	761	935	337	975	872	243	133	932	158	514	547	973	560	276	41	103	157
711	925	365	86	431	280	523	45	66	797	779	936	871	141	982	971	457	545	212	428	846	485	620	113	645
541	454	389	638	691	305	584	983	287	366	444	682	655	500	162	702	856	500	973	149	811	323	804	200	226
549	802	134	578	846	83	896	826	903	953	89	517	522	526	882	628	370	558	4	481	590	303	153	23	695
219	788	453	689	735	643	471	318	427	228	724	278	344	246	421	719	136	202	166	886	583	892	592	751	370
324	610	562	72	45	965	520	309	727	867	225	200	447	512	523	654	884	880	480	386	199	514	904	893	911
954	602	455	428	103	644	816	634	511	512	154	732	489	597	424	334	948	859	714	806	218	792	440	568	93
257	515	785	239	354	228	95	311	343	973	374	257	962	807	987	447	43	434	761	371	339	620	985	15	456
196	219	423	287	386	948	753	539	208	499	38	273	844	745	562	264	812	606	406	200	495	219	13	846	590
574	716	199	720	669	152	365	244	934	962	982	789	258	730	180	562	66	748	884	467	691	613	238	213	597
974	935	537	806	792	657	963	706	785	491	187	73	807	748	143	861	761	117	55	890	659	524	928	947	267
930	182	651	807	166	312	432	680	421	15	360	397	941	624	135	762	870	847	709	840	139	897	731	131	739
396	266	942	424	414	785	178	211	453	887	170	901	771	63	364	495	831	854	717	774	374	52	506	67	554
195	213	162	82	460	695	437	704	920	3	940	8	267	176	339	322	61	529	522	532	53	254	105	282	667
1000	491	397	263	339	637	367	619	878	54	336	925	794	82	823	794	944	51	830	589	189	283	652	728	618
455	272	232	875	566	710	608	425	731	668	964	336	59	356	722	642	950	292	28	778	82	312	783	398	574
44	125	372	430	663	841	452	125	811	500	247	393	664	875	465	893	715	613	194	141	648	235	863	972	758
993	653	403	60	991	546	270	539	999	350	701	882	246	146	36	648	322	412	631	244	711	1	887	226	578
10	494	212	236	398	914	877	262	846	580	494	368	774	169	22	865	730	275	747	553	505	528	441	885	143
942	217	937	599	718	98	349	189	262	604	81	713	849	972	430	393	9	135	155	645	429	581	473	548	939
637	240	807	7	196	219	27	265	135	770	141	746	72	846	8	648	207	874	533	357	943	552	464	458	644
324	948	89	200	52	292	684	539	276	319	399	532	403	589	321	963	232	167	258	835	18	974	777	97	805
716	716	942	97	87	950	818	53	134	365	948	674	635	313	970	985	279	643	605	204	320	597	885	821	954
0	469	317	243	79	996	882	113	759	179	829	761	57	797	432	81	622	261	912	947	268	758	472	749	137
884	521	32	508	497	266	785	819	860	748	183	870	484	736	93	155	597	735	10	464	889	634	538	550	843
340	791	298	142	261	312	292	598	44	368	355	743	701	203	601	806	288	899	491	519	328	610	261	971	383
901	153	222	692	274	158	949	512	958	119	449	370	816	486	489	29	270	388	295	615	815	930	490	935	163
527	827	496	188	168	626	77	856	950	4	635	991	102	98	776	123	839	272	631	611	659	838	245	383	867
518	882	286	547	326	375	18	915	470	579	681	436	296	31	607	481	716	757	932	550	190	562	702	425	758
703	585	206	38	672	968	155	858	702	73	534	41	38	376	627	263	815	730	37	738	695	742	617	772	959
717	394	532	698	647	831	836	415	299	922	643	66	417	426	438	540	197	136	113	823	803	196	715	190	274
890	159	47	376	876	645	17	492	476	724	251	75	677	222	91	37	842	436	124	477	236	967	109	108	754
257	651	830	996	495	850	450	518	914	12	175	599	113	774	409	59	381	157	665	690	195	352	614	307	348
803	467	576	612	817	481	440	32	869	377	146	478	952	192	581	833	463	68	89	630	875	138	908	211	400
655	729	932	876	580	313	665	502	839	942	652	494	796	8	0	816	66	749	471	400	896	215	58	803	193
931	105	808	759	113	466	185	536	874	998	824	791	897	206	144	967	379	805	490	171	603	157	982	509	153
317	867	387	346	591	733	589	777	384	601	288	200	195	529	36	56	748	49	888	841	277	936	740	411	667
926	289	625	211	598	263	505	587	625	447	881	940	314	419	966	754	575	111	498	785	113	874	215	968	887
347	302	693	669	79	555	527	580	859	429	71	88	413	300	333	228	528	684	382	454	713	188	103	668	281
117	991	790	40	801	966	637	44	955	102	417	272	491	534	480	255	294	928	821	984	325	806	997	7	907
700	508	869	735	498	122	605	351	0	815	699	19	154	142	11	228	670	605	177	846	861	824	887	584	584
626	452	150	716	234	660	398	362	618	192	356	566	866	987	578	851	1000	120	587	789	293	113	890	961	465
829	384	360	151	826	936	129	950	248	357	41	233	916	539	779	469	753	241	822	232	654	915	272	630	673
298	760	28	467	816	725	67	833	895	764	172	970	214	956	623	279	522	448	767	581	443	538	829	704	891
181	722	742	800	928	771	82	544	209	402	183	640	133	514	706	41	961	247	186	736	867	872	578	791	175
967	943	317	474	400	859	742	103	86	633	454	46	698	485	870	768	341	502	597	935	966	409	218	285	519
822	390	582	250	726	108	199	186	310	181	233	721	512	992	759	566	708	750	718	980	497	705	520	288	557
394	741	284	940	631	118	152	394	316	786	632	980	617	765	166	880	592	737	605	565	427	817	148	912	918
508	875	46	436	975	958	12	864	962	795	198	848	654	753	123	193	254	897	575	713	521	387	592	846	657
131	917	795	528	767	297	374	485	500	71	654	949	785	41	912	973	291	914	775	164	131	780	20	91	16
933	340	127	862	650	670	189	991	294	966	757	138	933	911	90	145	415	742	614	4	646	175	605	739	103
108	211	48	409	557	943	649	323	893	326	19	263	206	934	992	337	35	687	698	873	593	808	374	390	571
334	888	836	897	525	682	54	619	857	922	736	887	965	323	490	928	188	967	455	832	578	289	248	535	419
335	630	492	154	329	435	658	324	467	98	799	36	656	958	437	122	153	148	860	973	756	132	908	347	94
888	30	59	275	31	137	353	491	683	96	621	771	623	877	58	466	199	91	371	215	141	207	330	167	939
916	622	923	853	589	551	382	37	535	463	226	498	878	312	617	806	687	586	689	537	594	320	442	164	864
386	134	490	388	640	498	158	88	659	976	938	903	711	908	535	27	206	682	879	910	163	318	311	820	630
246	558	302	252	144	983	237	705	194	356	730	750	876	485	847	254	765	162	230	26	766	560	805	696	188
11	889	251	156	212	230	679	813	458	301	570	951	827	595	475	533	448	55	403	765	103	707	731	239	413
505	685	273	41	387	490	761	257	282	358	607	655	842	582	206	298	321	877	670	304	530	949	903	354	538
872	265	111	682	532	366	938	557	411	356	661	959	621	802	825	407	564	929	340	905	231	180	529	876	855
617	845	548	198	767	175	120	959	490	569	278	750	168	875	544	929	845	6	193	741	422	601	765	740	256
838	934	726	989	695	622	753	379	537	703	267	293	491	178	939	241	222	525	338	362	223	821	86	443	379
26	570	276	915	641	112	374	870	839	210	189	865	839	4	853	139	648	603	712	73	930	529	318	780	29
379	715	854	753	231	506	75	245	963	523	410	318	708	934	578	72	279	262	802	757	157	970	742	617	117
781	440	449	210	289	785	794	770	680	276	483	759	949	855	62	557	707	707	325	355	274	854	622	896	59
918	68	505	702	757	276	533	956	588	143	888	985	79	256	403	501	949	731	863	626	724	803	868	89	708
401	669	86	220	642	255	476	269	287	41	390	619	534	509	362	245	370	731	678	834	430	180	320	761	52
579	690	511	739	435	307	688	146	433	50	22	566	806	632	747	549	977	801	12	435	163	876	390	922	319
635	63	108	812	144	761	347	274	440	604	801	108	887	883	293	654	73	588	350	830	640	103	922	330	703
274	886	733	696	794	834	425	229	232	845	801	691	733	592	110	862	268	433	188	752	997	901	753	61	534
633	941	182	734	511	270	564	478	375	876	957	244	464	57	807	591	98	577	649	918	892	806	409	221	992
582	663	862	269	865	894	699	305	532	185	946	419	283	125	384	114	152	440	726	194	739	571	916	169	27
238	550	21	665	972	15	899	253	318	702	827	325	778	576	904	431	207	709	263	626	601	523	942	35	348
427	523	271	862	27	714	195	661	330	605	908	309	765	782	495	28	956	209	95	658	948	22	981	467	56
33	368	551	592	358	444	210	309	476	544	139	415	279	197	992	879	220	220	421	334	662	184	131	658	180
804	662	201	681	15	215	951	864	421	24	709	814	324	932	184	233	728	682	244	754	997	648	598	861	597
865	748	579	886	410	400	68	103	233	491	228	226	555	957	692	630	417	130	186	144	800	536	564	234	863
324	276	179	337	544	423	649	365	429	601	497	799	736	170	901	577	174	707	897	971	135	628	175	268	151
914	116	326	220	321	919	517	366	320	627	431	219	826	420	106	440	288	459	607	292	379	347	938	607	190
460	252	468	33	89	152	523	225	720	127	599	868	373	834	382	761	298	463	811	436	619	557	4	130	999
181	159	188	543	64	90	715	956	74	905	411	465	177	715	385	633	94	819	93	972	744	900	528	957	726
631	12	81	132	124	344	485	343	32	272	306	712	51	460	534	840	9	59	187	617	957	970	694	933	850
987	590	583	388	605	259	458	937	139	485	706	383	511	605	359	499	238	721	949	725	143	987	509	499	490
279	263	49	218	883	383	262	278	304	104	769	220	365	759	632	370	291	481	349	566	867	5	34	649	358
361	140	541	246	629	472	849	905	525	224	345	237	769	980	827	742	195	950	507	790	546	661	102	804	698
724	424	532	371	589	851	961	532	211	357	463	586	971	802	850	836	313	108	962	819	360	27	807	58	677
286	556	798	166	746	295	784	235	489	932	83	827	758	725	499	223	360	744	795	887	97	227	294	922	820
359	792	34	484	680	887	433	439	102	919	195	290	992	273	255	680	2	71	754	167	332	616	451	655	345
214	539	766	487	461	437	742	384	867	208	750	317	655	328	47	330	136	301	120	590	913	783	597	306	240
145	940	432	431	385	732	139	580	902	343	875	942	814	569	522	268	373	851	286	295	351	814	744	106	223
399	798	47	387	754	130	639	392	536	506	473	436	916	468	588	614	939	673	968	241	450	641	564	638	914
976	116	363	748	929	42	453	925	204	619	161	804	937	707	539	158	778	17	663	93	864	782	837	80	706
179	5	818	36	598	722	664	515	26	787	126	436	24	280	395	412	614	908	783	566	637	877	548	816	654
176	90	44	851	539	495	699	669	564	735	741	569	833	696	693	722	846	22	787	889	18	445	446	830	461
56	792	736	368	370	821	811	476	596	754	327	346	931	806	490	19	658	206	663	253	463	749	105	288	857
962	106	875	973	697	886	979	633	531	255	745	915	800	979	773	135	377	875	644	711	372	476	345	571	159
902	644	525	196	964	211	730	431	45	677	472	756	83	572	812	450	72	673	373	524	760	804	804	18	428
460	187	40	165	28	828	14	232	827	962	175	785	608	35	364	771	682	145	98	107	161	403	395	664	886
880	129	781	249	970	804	545	413	615	714	255	264	505	294	342	940	535	306	35	868	721	8	19	63	795
730	443	491	158	685	525	869	708	110	720	678	788	156	331	679	960	32	252	642	642	40	226	1	305	129
262	315	841	747	722	227	484	348	517	293	874	531	394	811	747	797	711	583	155	93	620	311	20	462	602
168	80	891	319	705	649	256	872	249	233	536	428	798	145	826	139	442	107	4	647	66	214	272	615	108
269	45	999	995	668	750	26	661	131	101	561	15	916	122	829	896	561	553	664	850	654	738	517	955	143
84	412	818	828	388	841	637	442	689	754	298	861	440	945	263	722	937	323	909	993	484	883	470	907	540
903	400	675	117	657	574	513	436	297	383	629	116	59	173	444	387	541	122	139	514	393	485	731	513	876
969	110	671	548	293	158	895	623	857	446	286	733	972	605	230	903	756	178	261	87	977	885	260	909	995
853	923	378	925	497	741	132	746	754	215	260	496	462	370	95	842	99	806	19	594	331	99	815	504	726
489	809	466	169	712	502	532	198	384	164	508	47	769	912	813	652	142	170	665	263	666	75	527	638	892
486	519	752	658	579	148	930	219	819	936	817	927	219	413	730	588	81	241	850	208	598	534	290	641	831
663	933	988	554	206	401	447	674	287	905	273	576	844	825	724	517	262	347	303	909	661	62	588	545	9
40	697	207	217	219	950	290	12	293	95	92	419	907	17	470	632	884	834	793	494	943	75	556	397	15
507	171	738	356	55	159	975	601	761	102	381	710	535	523	683	270	576	775	308	316	102	30	941	560	813
631	794	223	622	358	470	964	117	466	392	490	641	925	5	88	518	386	56	387	72	415	359	771	487	950
148	34	819	978	547	663	778	194	924	278	361	318	477	946	524	600	578	386	831	730	191	918	296	924	14
348	527	536	324	910	269	68	963	888	60	489	497	839	286	198	922	94	343	200	160	119	153	264	174	832
571	61	159	865	857	106	612	687	90	8	529	816	582	76	118	204	21	685	69	473	369	824	668	522	373
197	370	41	711	571	649	202	647	430	840	407	950	988	105	893	92	964	161	855	747	910	839	129	660	597
321	633	767	914	17	192	307	504	671	616	899	106	926	662	706	377	305	352	442	419	586	766	387	751	225
392	237	291	888	171	712	489	504	686	289	198	149	280	617	959	340	138	461	332	367	310	351	812	367	747
622	72	756	336	783	533	856	587	152	239	450	640	891	339	472	813	938	67	772	619	449	544	193	589	935
20	692	23	723	361	347	408	243	894	523	780	611	163	325	736	259	943	982	790	842	25	247	309	178	163
541	119	568	296	189	696	272	105	794	581	824	384	248	845	290	533	740	552	5	180	381	912	53	653	992
477	753	310	791	935	696	784	204	396	506	88	110	903	240	958	455	879	362	536	397	311	635	908	712	388
339	37	646	446	397	625	728	735	733	237	217	818	166	716	732	721	850	192	865	570	554	147	254	535	425
677	128	737	661	103	449	922	344	91	673	814	91	789	448	470	37	702	11	47	725	165	121	810	525	622
484	373	742	370	327	139	601	337	860	793	650	341	430	245	472	731	133	147	84	787	728	349	172	639	619
345	261	704	451	708	613	842	656	88	867	368	1	444	501	846	292	635	977	800	957	150	791	850	0	32
634	492	339	417	452	813	232	546	57	169	816	56	899	825	13	15	890	873	103	877	556	83	836	253	910
506	255	509	71	192	626	333	949	631	438	541	545	632	348	328	644	544	468	862	567	512	42	639	976	673
689	122	485	932	992	923	50	748	921	935	802	457	397	314	111	622	561	82	88	686	592	347	802	392	651
855	741	424	392	821	947	425	120	119	793	432	371	723	974	964	442	914	405	674	872	64	538	870	288	713
224	349	907	118	42	50	504	469	242	106	890	170	490	654	29	547	694	983	790	530	207	56	295	719	878
684	780	607	465	62	870	257	421	239	628	455	322	286	256	197	318	891	949	214	339	862	958	261	877	460
591	930	983	595	842	332	442	812	58	365	331	736	737	159	283	18	777	572	781	200	323	475	307	239	484
578	985	796	239	50	784	138	230	876	18	333	343	538	358	954	499	836	249	776	240	358	349	651	255	594
424	381	372	197	802	790	279	62	425	575	982	478	882	381	204	48	366	619	79	815	499	618	285	898	110
244	791	757	447	194	921	118	83	114	599	575	370	936	781	332	227	585	772	256	687	263	673	801	171	783
165	764	231	43	359	549	467	609	153	107	451	394	796	151	175	253	925	856	749	978	819	243	9	56	370
920	847	580	140	903	789	597	413	535	376	693	63	186	397	641	8	995	610	849	694	842	100	108	279	799
878	485	575	415	435	226	26	347	618	332	34	814	805	109	414	974	47	100	837	937	272	163	517	508	911
39	309	755	466	331	361	284	742	774	404	623	61	589	554	183	189	907	507	28	170	155	181	505	41	255
770	546	393	141	491	87	311	441	473	182	927	949	175	326	762	150	717	739	902	93	894	860	793	478	599
236	441	496	535	214	932	683	245	145	664	75	610	542	48	881	112	575	55	239	88	393	331	496	514	716
644	293	970	311	776	404	6	244	789	753	720	93	844	980	898	533	955	655	502	373	383	40	396	524	626
488	430	516	381	693	584	539	467	677	320	17	714	706	416	24	367	283	175	85	32	396	423	277	995	371
279	972	818	513	88	540	441	563	741	730	620	808	383	337	900	685	228	601	602	15	926	535	367	802	563
690	130	499	969	514	476	42	213	623	931	738	882	457	38	646	780	26	546	953	147	890	254	179	245	971
708	72	543	651	504	559	430	911	143	60	878	284	45	592	441	669	457	514	391	11	114	289	811	432	393
791	736	412	771	168	100	268	152	214	827	936	672	863	685	810	609	946	541	268	226	132	584	564	485	768
339	802	73	862	740	557	635	116	503	167	362	55	997	330	416	752	961	416	371	259	729	982	124	148	928
454	338	755	295	651	700	639	334	417	741	663	448	761	119	415	175	305	240	647	668	160	365	738	463	890
840	444	323	808	243	299	738	373	69	59	852	233	602	407	472	227	345	509	173	725	956	33	88	560	839
4	156	108	422	365	872	187	532	918	110	811	932	387	943	50	136	333	277	503	152	774	508	172	792	856
869	498	387	830	871	454	672	925	278	30	792	260	682	618	636	358	439	833	270	72	740	831	124	476	333
445	32	573	625	788	712	433	535	444	263	828	904	630	132	113	421	856	46	442	873	328	361	697	711	185
112	923	818	797	823	232	344	325	168	381	532	963	723	627	891	925	646	806	876	851	103	483	875	633	409
746	161	813	523	327	928	445	847	783	913	915	306	167	572	102	685	188	611	52	208	950	988	854	341	92
877	608	946	721	186	177	236	376	940	936	512	91	839	684	253	565	583	380	78	383	259	568	15	489	23
517	294	121	279	172	922	117	121	520	71	90	774	480	690	262	159	798	936	83	209	314	183	432	781	402
374	132	901	144	675	552	553	555	336	98	951	695	223	70	840	412	274	71	191	317	285	178	22	783	697
819	757	683	786	645	34	749	561	555	139	520	714	133	421	955	224	712	966	617	538	587	746	955	890	678
243	696	650	721	146	276	285	740	953	805	77	970	979	396	805	888	609	989	537	380	307	349	971	425	457
46	47	581	24	430	347	581	415	1000	699	117	875	38	848	4	972	700	724	725	452	539	484	480	231	884
929	689	250	148	638	64	195	491	192	153	734	86	752	168	712	19	33	536	459	329	785	451	249	236	227
633	46	723	926	500	854	746	648	983	383	904	296	595	563	930	32	470	569	276	512	21	688	660	891	439
395	241	502	979	253	504	432	727	613	611	6	405	792	25	387	982	26	9	463	254	739	99	490	617	217
921	288	860	543	982	290	595	391	525	599	474	263	725	7	442	992	77	829	289	497	485	841	789	739	844
366	709	42	954	582	984	491	962	694	221	380	465	937	28	569	846	213	56	994	411	894	130	222	960	57
98	325	701	0	690	817	760	584	592	547	129	106	937	238	474	570	307	605	700	633	728	161	10	833	491
745	520	356	271	782	235	76	133	335	912	160	392	697	250	155	223	936	921	84	433	688	292	789	446	642
295	212	473	29	38	36	790	428	327	514	419	258	155	449	910	78	489	626	230	3	34	763	631	196	731
224	857	683	104	867	112	56	30	274	518	10	405	847	302	171	794	739	196	112	519	736	184	521	932	419
323	365	15	354	670	895	276	370	86	520	963	272	779	75	601	1000	807	368	20	471	329	758	941	293	148
753	984	146	236	958	618	50	895	52	737	336	328	710	333	259	571	423	766	480	141	952	476	698	386	443
478	563	526	513	743	803	651	300	577	81	695	959	86	950	706	332	598	248	764	165	464	116	161	474	126
851	341	790	473	302	42	346	692	716	823	761	225	785	104	377	527	680	491	597	530	69	674	387	323	311
442	314	608	804	67	443	957	879	495	644	197	31	78	810	358	793	956	388	733	689	442	597	834	749	638
206	337	88	702	869	229	912	781	690	405	195	300	20	768	578	642	733	857	343	797	672	868	373	730	615
69	826	157	955	543	915	199	533	339	170	608	912	828	329	60	83	135	129	33	685	907	365	724	949	696
752	697	220	243	263	18	38	371	23	149	542	740	534	980	360	275	165	970	598	915	386	582	716	491	198
322	380	398	424	19	88	363	283	380	767	130	785	717	941	599	97	641	948	29	495	227	507	496	896	663
81	383	19	998	787	628	920	622	894	776	73	239	393	169	787	4	750	451	353	443	293	169	158	414	104
762	480	723	773	34	777	183	68	391	467	818	447	676	741	291	797	694	873	318	365	513	99	925	478	138
457	863	769	586	838	281	775	547	12	50	566	48	114	94	783	782	480	596	259	338	293	447	70	998	508
124	927	736	819	990	439	11	532	155	14	731	275	494	211	864	232	645	569	341	119	963	818	710	496	814
28	305	313	438	885	403	154	512	49	857	850	971	117	86	219	819	621	914	410	254	291	229	950	602	681
789	748	992	32	32	246	131	366	485	775	494	672	425	828	804	887	512	741	933	296	702	854	993	657	724
300	666	949	364	990	94	449	669	417	203	667	74	881	515	706	759	927	714	37	927	399	894	732	837	854
1000	6	773	294	162	884	74	793	326	539	913	162	31	821	434	540	701	680	882	875	808	429	109	520	993
288	746	403	746	546	797	157	596	943	182	999	221	39	893	604	556	802	474	34	688	358	333	472	448	296
356	42	649	613	395	605	80	505	491	785	322	696	820	545	479	704	746	763	879	41	996	972	699	784	748
1000	350	471	996	706	165	684	122	45	691	805	835	5	959	773	287	830	228	491	213	880	54	23	852	789
153	837	774	774	770	951	320	307	196	791	24	469	855	341	495	186	437	33	263	242	271	833	734	173	669
717	851	253	985	854	899	556	695	297	225	339	527	870	582	224	217	68	269	680	562	242	783	999	204	55
820	987	33	511	298	194	262	56	788	992	239	1000	284	456	544	755	598	950	620	33	609	380	672	246	405
41	314	665	902	304	76	112	524	796	775	187	527	73	824	3	280	828	475	2	374	640	277	128	299	265
923	769	384	561	206	565	16	797	881	222	672	836	399	361	688	519	749	125	223	940	812	469	623	210	298
587	250	452	159	497	559	503	24	67	411	400	606	696	941	904	45	473	815	718	908	227	685	205	234	424
828	158	176	825	200	417	874	140	299	451	708	529	746	190	680	344	848	751	921	42	511	13	787	414	246
162	544	502	461	719	146	520	433	331	790	525	3	63	203	198	939	816	19	513	692	139	105	39	873	204
677	788	773	478	853	49	666	659	262	347	550	869	149	796	710	210	801	944	931	635	226	308	781	819	483
75	632	256	372	256	128	743	658	899	661	699	726	373	187	752	177	428	743	819	132	622	499	375	375	253
394	75	114	669	872	831	539	985	478	688	571	585	836	904	728	107	431	239	601	274	554	709	251	157	7
610	559	311	389	213	426	226	42	68	880	875	372	544	877	316	697	448	220	951	8	141	470	846	729	908
433	622	826	910	176	538	80	370	894	746	182	218	750	759	424	431	887	325	704	926	807	610	619	315	931
813	267	46	376	838	689	14	861	946	170	739	788	302	707	1000	323	510	151	899	905	280	389	140	830	872
352	255	440	121	505	279	801	718	339	309	63	88	682	81	914	387	103	850	699	750	233	371	807	273	547
670	818	553	672	245	84	505	506	747	38	940	712	650	656	274	242	625	380	994	815	567	162	926	309	648
420	150	13	573	182	358	788	521	176	128	989	266	663	740	855	17	774	880	137	167	211	573	668	391	33
481	361	455	292	664	591	597	980	423	880	400	194	557	369	449	597	742	255	513	97	360	458	350	169	68
219	872	744	290	101	176	914	451	666	240	581	542	578	682	831	288	0	511	118	965	916	806	568	624	0
631	897	520	379	247	646	757	304	610	487	354	258	588	94	989	687	68	902	438	792	915	165	425	510	213
774	944	241	2	762	89	268	252	775	882	693	14	603	188	63	328	218	507	741	502	866	864	967	597	787
895	620	622	234	702	744	535	514	788	283	996	477	978	713	755	567	4	646	236	484	115	477	305	363	617
563	985	770	105	924	7	692	761	320	804	556	618	176	375	646	212	148	361	318	159	916	385	501	353	118
430	981	192	138	309	753	56	334	870	54	746	707	139	153	953	423	46	612	113	784	604	941	604	316	573
921	753	595	884	736	753	897	954	573	984	404	605	612	149	573	350	810	457	760	937	1000	932	993	478	350
845	362	752	295	755	992	837	327	491	886	822	330	905	390	343	310	21	476	509	690	700	119	364	525	941
662	47	258	585	324	88	445	952	415	226	250	453	716	814	49	923	939	703	703	412	331	855	246	807	668
810	858	761	945	901	557	526	955	607	198	413	204	789	950	451	583	706	887	70	772	140	413	282	532	392
22	986	530	513	636	254	156	100	877	738	387	347	952	739	481	78	680	469	294	347	103	219	891	612	636
840	607	240	553	692	502	406	627	548	746	116	690	205	894	907	830	576	423	30	614	474	237	463	740	516
914	403	713	356	190	949	71	400	109	511	64	699	665	692	60	878	708	719	66	757	750	325	816	663	251
949	684	736	116	903	747	802	727	58	358	940	721	552	955	419	230	39	320	878	205	157	968	350	132	556
408	974	491	972	448	203	487	904	956	398	377	161	531	236	899	651	541	700	433	169	6	536	480	19	88
150	883	545	999	282	493	470	689	433	214	295	671	518	708	814	370	96	183	639	988	85	228	876	315	972
734	469	738	324	314	740	133	676	457	964	670	396	374	373	887	558	624	886	847	235	18	714	936	396	153
821	86	301	696	630	174	690	602	760	586	894	751	544	666	912	440	485	972	643	647	158	289	9	874	958
980	502	555	669	688	349	609	648	645	160	32	112	884	369	167	474	349	329	474	607	642	991	392	434	293
66	451	285	420	209	749	768	293	401	720	55	290	500	626	507	389	930	802	85	441	760	440	223	6	761
729	891	411	223	980	665	471	260	840	698	875	488	40	121	220	335	287	184	686	920	607	694	741	877	493
374	798	374	446	615	423	519	739	744	180	231	295	299	448	29	624	206	444	853	969	6	642	553	551	670
